0 0
1 0
2 8224
3 8231
4 8226
5 8215
6 8207
7 8206
8 8205
9 8206
10 8199
11 8184
12 8174
13 8159
14 8147
15 8129
16 8108
17 8083
18 8078
19 8073
20 8074
21 8071
22 8068
23 8073
24 8070
25 8062
26 8063
27 8058
28 8052
29 8044
30 8040
31 8036
32 8037
33 8048
34 8063
35 8069
36 8074
37 8070
38 8073
39 8080
40 8079
41 8073
42 8080
43 8080
44 8079
45 8081
46 8078
47 8077
48 8088
49 8076
50 8073
51 8081
52 8078
53 8081
54 8079
55 8081
56 8074
57 8073
58 8078
59 8079
60 8077
61 8079
62 8083
63 8078
64 8082
65 8082
66 8085
67 8084
68 8082
69 8085
70 8091
71 8093
72 8089
73 8090
74 8093
75 8095
76 8092
77 8097
78 8121
79 8178
80 8213
81 8220
82 0
83 0
84 8240
85 8244
86 8239
87 8236
88 8244
89 8258
90 8269
91 8250
92 8231
93 8216
94 8205
95 8196
96 8186
97 8165
98 8136
99 8098
100 8091
101 8078
102 8077
103 8075
104 8075
105 8076
106 8068
107 8062
108 8062
109 8057
110 8048
111 8042
112 8035
113 8034
114 8039
115 8044
116 8066
117 8065
118 8070
119 8067
120 8073
121 8077
122 8075
123 8076
124 8074
125 8078
126 8073
127 8074
128 8077
129 8081
130 8081
131 8077
132 8072
133 8078
134 8073
135 8072
136 8071
137 8073
138 8074
139 8065
140 8072
141 8074
142 8071
143 8074
144 8074
145 8071
146 8076
147 8076
148 8081
149 8082
150 8082
151 8078
152 8090
153 8090
154 8086
155 8090
156 8086
157 8089
158 8094
159 8103
160 8131
161 8187
162 8212
163 8222
164 0
165 0
166 8247
167 8246
168 8261
169 8285
170 8292
171 8298
172 8290
173 8267
174 8248
175 8230
176 8218
177 8218
178 8206
179 8188
180 8158
181 8127
182 8109
183 8089
184 8087
185 8080
186 8078
187 8071
188 8065
189 8060
190 8063
191 8058
192 8047
193 8035
194 8024
195 8031
196 8038
197 8040
198 8056
199 8064
200 8065
201 8063
202 8069
203 8075
204 8075
205 8071
206 8066
207 8075
208 8073
209 8073
210 8073
211 8073
212 8075
213 8070
214 8072
215 8076
216 8070
217 8070
218 8069
219 8069
220 8067
221 8069
222 8068
223 8068
224 8070
225 8067
226 8067
227 8071
228 8079
229 8079
230 8080
231 8079
232 8083
233 8080
234 8088
235 8091
236 8091
237 8090
238 8087
239 8089
240 8092
241 8096
242 8138
243 8182
244 8208
245 8221
246 0
247 0
248 8258
249 8283
250 8288
251 8286
252 8301
253 8309
254 8297
255 8279
256 8251
257 8232
258 8225
259 8227
260 8220
261 8204
262 8181
263 8164
264 8134
265 8108
266 8095
267 8085
268 8080
269 8076
270 8069
271 8059
272 8063
273 8057
274 8047
275 8036
276 8031
277 8030
278 8035
279 8047
280 8056
281 8069
282 8067
283 8064
284 8069
285 8071
286 8074
287 8066
288 8070
289 8074
290 8073
291 8070
292 8073
293 8066
294 8072
295 8071
296 8071
297 8068
298 8061
299 8061
300 8066
301 8064
302 8066
303 8064
304 8068
305 8068
306 8065
307 8069
308 8066
309 8073
310 8074
311 8076
312 8076
313 8080
314 8081
315 8081
316 8087
317 8092
318 8087
319 8089
320 8085
321 8084
322 8096
323 8103
324 8150
325 8180
326 8214
327 8216
328 0
329 0
330 8276
331 8281
332 8279
333 8297
334 8305
335 8309
336 8303
337 8276
338 8251
339 8231
340 8229
341 8227
342 8224
343 8211
344 8195
345 8182
346 8162
347 8133
348 8107
349 8088
350 8082
351 8072
352 8072
353 8059
354 8061
355 8052
356 8052
357 8035
358 8033
359 8037
360 8033
361 8044
362 8057
363 8060
364 8065
365 8063
366 8060
367 8068
368 8075
369 8061
370 8065
371 8065
372 8070
373 8064
374 8063
375 8058
376 8056
377 8058
378 8061
379 8061
380 8061
381 8062
382 8067
383 8066
384 8066
385 8059
386 8064
387 8069
388 8067
389 8070
390 8069
391 8076
392 8074
393 8080
394 8077
395 8078
396 8080
397 8081
398 8085
399 8088
400 8088
401 8087
402 8090
403 8090
404 8096
405 8106
406 8152
407 8186
408 8204
409 8213
410 0
411 0
412 8268
413 8278
414 8290
415 8284
416 8300
417 8311
418 8295
419 8268
420 8252
421 8238
422 8229
423 8236
424 8232
425 8219
426 8221
427 8199
428 8185
429 8158
430 8129
431 8105
432 8092
433 8080
434 8073
435 8068
436 8067
437 8060
438 8051
439 8035
440 8031
441 8031
442 8035
443 8043
444 8054
445 8061
446 8066
447 8060
448 8062
449 8068
450 8064
451 8067
452 8062
453 8055
454 8059
455 8056
456 8054
457 8058
458 8057
459 8057
460 8058
461 8062
462 8062
463 8060
464 8065
465 8067
466 8067
467 8064
468 8065
469 8066
470 8066
471 8066
472 8071
473 8076
474 8072
475 8073
476 8074
477 8075
478 8081
479 8078
480 8087
481 8088
482 8089
483 8085
484 8083
485 8087
486 8095
487 8106
488 8157
489 8185
490 8201
491 8214
492 0
493 0
494 8264
495 8276
496 8278
497 8273
498 8293
499 8307
500 8288
501 8268
502 8249
503 8240
504 8240
505 8238
506 8236
507 8227
508 8220
509 8218
510 8206
511 8184
512 8158
513 8125
514 8097
515 8087
516 8078
517 8066
518 8065
519 8061
520 8049
521 8037
522 8030
523 8032
524 8033
525 8038
526 8049
527 8057
528 8067
529 8063
530 8061
531 8065
532 8064
533 8061
534 8057
535 8053
536 8055
537 8048
538 8052
539 8054
540 8058
541 8051
542 8055
543 8061
544 8061
545 8061
546 8062
547 8064
548 8061
549 8064
550 8063
551 8064
552 8064
553 8066
554 8064
555 8072
556 8076
557 8074
558 8073
559 8077
560 8081
561 8076
562 8082
563 8090
564 8082
565 8086
566 8086
567 8083
568 8087
569 8113
570 8157
571 8183
572 8197
573 8204
574 0
575 0
576 8262
577 8267
578 8264
579 8272
580 8308
581 8311
582 8284
583 8263
584 8255
585 8244
586 8244
587 8242
588 8234
589 8227
590 8229
591 8230
592 8228
593 8213
594 8181
595 8143
596 8112
597 8092
598 8081
599 8067
600 8067
601 8064
602 8054
603 8036
604 8033
605 8034
606 8034
607 8040
608 8051
609 8058
610 8066
611 8063
612 8060
613 8066
614 8061
615 8053
616 8049
617 8051
618 8050
619 8040
620 8049
621 8056
622 8056
623 8054
624 8055
625 8062
626 8058
627 8060
628 8064
629 8065
630 8061
631 8063
632 8061
633 8065
634 8066
635 8068
636 8069
637 8068
638 8074
639 8077
640 8071
641 8076
642 8082
643 8077
644 8087
645 8088
646 8079
647 8087
648 8081
649 8082
650 8091
651 8116
652 8163
653 8179
654 8200
655 8204
656 0
657 0
658 8257
659 8257
660 8259
661 8286
662 8328
663 8307
664 8284
665 8266
666 8255
667 8247
668 8241
669 8238
670 8233
671 8232
672 8232
673 8234
674 8237
675 8229
676 8204
677 8165
678 8123
679 8098
680 8084
681 8069
682 8064
683 8058
684 8052
685 8037
686 8033
687 8033
688 8039
689 8046
690 8049
691 8060
692 8065
693 8062
694 8061
695 8063
696 8060
697 8055
698 8055
699 8054
700 8052
701 8045
702 8054
703 8056
704 8063
705 8058
706 8055
707 8061
708 8063
709 8062
710 8064
711 8063
712 8060
713 8061
714 8061
715 8062
716 8063
717 8063
718 8064
719 8069
720 8072
721 8078
722 8076
723 8077
724 8079
725 8080
726 8084
727 8085
728 8080
729 8082
730 8079
731 8081
732 8090
733 8119
734 8158
735 8183
736 8194
737 8202
738 0
739 0
740 8255
741 8247
742 8272
743 8309
744 8326
745 8293
746 8272
747 8266
748 8259
749 8248
750 8244
751 8242
752 8234
753 8239
754 8236
755 8248
756 8243
757 8240
758 8226
759 8187
760 8133
761 8105
762 8085
763 8070
764 8066
765 8061
766 8051
767 8036
768 8036
769 8035
770 8038
771 8038
772 8046
773 8057
774 8066
775 8067
776 8064
777 8068
778 8066
779 8055
780 8057
781 8053
782 8054
783 8045
784 8050
785 8056
786 8062
787 8060
788 8058
789 8063
790 8061
791 8055
792 8064
793 8060
794 8057
795 8057
796 8060
797 8059
798 8064
799 8063
800 8068
801 8067
802 8072
803 8075
804 8071
805 8076
806 8076
807 8078
808 8084
809 8088
810 8082
811 8080
812 8079
813 8079
814 8088
815 8114
816 8151
817 8176
818 8191
819 8203
820 0
821 0
822 8239
823 8251
824 8285
825 8315
826 8314
827 8279
828 8259
829 8265
830 8249
831 8242
832 8239
833 8235
834 8235
835 8237
836 8245
837 8254
838 8250
839 8247
840 8244
841 8201
842 8149
843 8112
844 8086
845 8075
846 8068
847 8058
848 8043
849 8030
850 8032
851 8033
852 8034
853 8034
854 8045
855 8059
856 8062
857 8057
858 8064
859 8061
860 8059
861 8056
862 8049
863 8040
864 8041
865 8044
866 8051
867 8058
868 8060
869 8053
870 8058
871 8061
872 8062
873 8060
874 8058
875 8054
876 8054
877 8051
878 8060
879 8058
880 8060
881 8060
882 8062
883 8061
884 8071
885 8070
886 8068
887 8073
888 8074
889 8077
890 8085
891 8086
892 8083
893 8084
894 8083
895 8086
896 8086
897 8101
898 8140
899 8170
900 8189
901 8196
902 0
903 0
904 8242
905 8280
906 8312
907 8325
908 8304
909 8260
910 8262
911 8255
912 8251
913 8248
914 8238
915 8248
916 8237
917 8248
918 8260
919 8257
920 8258
921 8253
922 8253
923 8230
924 8169
925 8123
926 8095
927 8078
928 8070
929 8059
930 8050
931 8032
932 8032
933 8035
934 8037
935 8038
936 8041
937 8059
938 8067
939 8066
940 8061
941 8066
942 8059
943 8057
944 8053
945 8048
946 8052
947 8052
948 8053
949 8060
950 8067
951 8065
952 8069
953 8069
954 8062
955 8059
956 8061
957 8058
958 8056
959 8055
960 8063
961 8060
962 8057
963 8062
964 8064
965 8065
966 8068
967 8068
968 8070
969 8072
970 8075
971 8077
972 8078
973 8087
974 8084
975 8083
976 8083
977 8082
978 8090
979 8100
980 8130
981 8169
982 8187
983 8196
984 0
985 0
986 8282
987 8302
988 8334
989 8326
990 8287
991 8254
992 8246
993 8245
994 8243
995 8243
996 8249
997 8251
998 8234
999 8248
1000 8262
1001 8263
1002 8261
1003 8263
1004 8259
1005 8235
1006 8187
1007 8130
1008 8101
1009 8075
1010 8074
1011 8059
1012 8048
1013 8033
1014 8034
1015 8034
1016 8035
1017 8035
1018 8043
1019 8059
1020 8066
1021 8061
1022 8061
1023 8068
1024 8058
1025 8055
1026 8055
1027 8052
1028 8053
1029 8055
1030 8058
1031 8066
1032 8070
1033 8069
1034 8069
1035 8065
1036 8060
1037 8056
1038 8055
1039 8054
1040 8057
1041 8053
1042 8054
1043 8060
1044 8054
1045 8060
1046 8065
1047 8063
1048 8064
1049 8070
1050 8068
1051 8067
1052 8072
1053 8078
1054 8086
1055 8088
1056 8082
1057 8082
1058 8075
1059 8084
1060 8091
1061 8094
1062 8114
1063 8153
1064 8179
1065 8188
1066 0
1067 0
1068 8310
1069 8339
1070 8365
1071 8320
1072 8268
1073 8243
1074 8245
1075 8238
1076 8244
1077 8256
1078 8266
1079 8262
1080 8247
1081 8260
1082 8268
1083 8262
1084 8264
1085 8261
1086 8260
1087 8238
1088 8201
1089 8142
1090 8105
1091 8077
1092 8072
1093 8061
1094 8049
1095 8037
1096 8037
1097 8036
1098 8036
1099 8038
1100 8039
1101 8058
1102 8068
1103 8064
1104 8062
1105 8065
1106 8062
1107 8059
1108 8055
1109 8059
1110 8063
1111 8065
1112 8069
1113 8078
1114 8084
1115 8074
1116 8072
1117 8067
1118 8068
1119 8057
1120 8056
1121 8052
1122 8061
1123 8056
1124 8063
1125 8061
1126 8058
1127 8063
1128 8063
1129 8063
1130 8065
1131 8071
1132 8069
1133 8075
1134 8081
1135 8087
1136 8090
1137 8088
1138 8086
1139 8087
1140 8080
1141 8081
1142 8091
1143 8097
1144 8111
1145 8147
1146 8180
1147 8197
1148 0
1149 0
1150 8334
1151 8372
1152 8357
1153 8286
1154 8249
1155 8237
1156 8248
1157 8242
1158 8257
1159 8279
1160 8290
1161 8279
1162 8260
1163 8269
1164 8271
1165 8259
1166 8254
1167 8260
1168 8260
1169 8243
1170 8208
1171 8137
1172 8099
1173 8077
1174 8072
1175 8055
1176 8052
1177 8037
1178 8036
1179 8030
1180 8039
1181 8032
1182 8043
1183 8050
1184 8063
1185 8059
1186 8058
1187 8067
1188 8064
1189 8054
1190 8064
1191 8063
1192 8066
1193 8070
1194 8076
1195 8078
1196 8073
1197 8070
1198 8070
1199 8070
1200 8055
1201 8057
1202 8055
1203 8059
1204 8058
1205 8060
1206 8059
1207 8056
1208 8060
1209 8055
1210 8059
1211 8064
1212 8072
1213 8081
1214 8080
1215 8084
1216 8087
1217 8092
1218 8095
1219 8089
1220 8083
1221 8083
1222 8077
1223 8081
1224 8097
1225 8097
1226 8100
1227 8122
1228 8167
1229 8187
1230 0
1231 0
1232 8380
1233 8371
1234 8319
1235 8266
1236 8244
1237 8256
1238 8272
1239 8260
1240 8271
1241 8292
1242 8292
1243 8304
1244 8269
1245 8282
1246 8283
1247 8259
1248 8256
1249 8259
1250 8261
1251 8242
1252 8206
1253 8143
1254 8103
1255 8077
1256 8075
1257 8062
1258 8059
1259 8046
1260 8045
1261 8041
1262 8037
1263 8033
1264 8040
1265 8059
1266 8073
1267 8067
1268 8071
1269 8067
1270 8065
1271 8060
1272 8069
1273 8070
1274 8070
1275 8068
1276 8072
1277 8073
1278 8075
1279 8076
1280 8076
1281 8068
1282 8065
1283 8062
1284 8062
1285 8062
1286 8070
1287 8067
1288 8063
1289 8069
1290 8068
1291 8071
1292 8078
1293 8080
1294 8087
1295 8093
1296 8094
1297 8096
1298 8097
1299 8097
1300 8105
1301 8097
1302 8090
1303 8086
1304 8082
1305 8092
1306 8089
1307 8093
1308 8100
1309 8116
1310 8155
1311 8178
1312 0
1313 0
1314 8379
1315 8339
1316 8312
1317 8275
1318 8259
1319 8283
1320 8287
1321 8264
1322 8292
1323 8305
1324 8307
1325 8307
1326 8274
1327 8296
1328 8288
1329 8261
1330 8251
1331 8261
1332 8257
1333 8234
1334 8199
1335 8139
1336 8100
1337 8077
1338 8068
1339 8059
1340 8056
1341 8045
1342 8043
1343 8038
1344 8036
1345 8035
1346 8040
1347 8050
1348 8069
1349 8059
1350 8062
1351 8068
1352 8075
1353 8067
1354 8067
1355 8075
1356 8073
1357 8067
1358 8067
1359 8073
1360 8074
1361 8069
1362 8074
1363 8072
1364 8063
1365 8064
1366 8067
1367 8070
1368 8068
1369 8071
1370 8073
1371 8077
1372 8076
1373 8080
1374 8083
1375 8084
1376 8092
1377 8095
1378 8091
1379 8095
1380 8095
1381 8097
1382 8100
1383 8090
1384 8087
1385 8080
1386 8082
1387 8086
1388 8093
1389 8084
1390 8089
1391 8102
1392 8137
1393 8172
1394 0
1395 0
1396 8387
1397 8371
1398 8346
1399 8298
1400 8287
1401 8305
1402 8294
1403 8283
1404 8323
1405 8339
1406 8318
1407 8305
1408 8281
1409 8319
1410 8306
1411 8272
1412 8266
1413 8270
1414 8256
1415 8234
1416 8195
1417 8132
1418 8099
1419 8080
1420 8069
1421 8068
1422 8059
1423 8051
1424 8044
1425 8044
1426 8038
1427 8037
1428 8041
1429 8051
1430 8071
1431 8071
1432 8069
1433 8073
1434 8068
1435 8068
1436 8070
1437 8074
1438 8074
1439 8067
1440 8077
1441 8079
1442 8079
1443 8072
1444 8075
1445 8072
1446 8061
1447 8071
1448 8076
1449 8074
1450 8075
1451 8073
1452 8084
1453 8090
1454 8087
1455 8087
1456 8094
1457 8094
1458 8098
1459 8098
1460 8098
1461 8099
1462 8101
1463 8103
1464 8102
1465 8099
1466 8092
1467 8083
1468 8084
1469 8080
1470 8089
1471 8091
1472 8091
1473 8096
1474 8126
1475 8173
1476 0
1477 0
1478 8412
1479 8416
1480 8355
1481 8297
1482 8295
1483 8319
1484 8309
1485 8312
1486 8363
1487 8351
1488 8329
1489 8306
1490 8290
1491 8325
1492 8319
1493 8284
1494 8269
1495 8266
1496 8256
1497 8227
1498 8184
1499 8120
1500 8094
1501 8071
1502 8063
1503 8063
1504 8058
1505 8047
1506 8047
1507 8038
1508 8040
1509 8038
1510 8040
1511 8051
1512 8065
1513 8068
1514 8071
1515 8067
1516 8063
1517 8065
1518 8067
1519 8071
1520 8068
1521 8069
1522 8075
1523 8074
1524 8076
1525 8071
1526 8075
1527 8069
1528 8061
1529 8072
1530 8076
1531 8074
1532 8078
1533 8078
1534 8084
1535 8085
1536 8086
1537 8090
1538 8093
1539 8095
1540 8097
1541 8096
1542 8094
1543 8098
1544 8096
1545 8101
1546 8104
1547 8101
1548 8094
1549 8084
1550 8079
1551 8080
1552 8082
1553 8091
1554 8089
1555 8092
1556 8118
1557 8157
1558 0
1559 0
1560 8449
1561 8447
1562 8371
1563 8329
1564 8327
1565 8340
1566 8331
1567 8336
1568 8389
1569 8397
1570 8352
1571 8320
1572 8301
1573 8326
1574 8315
1575 8303
1576 8284
1577 8276
1578 8256
1579 8230
1580 8163
1581 8107
1582 8092
1583 8070
1584 8072
1585 8057
1586 8058
1587 8049
1588 8045
1589 8038
1590 8041
1591 8035
1592 8048
1593 8052
1594 8070
1595 8073
1596 8072
1597 8072
1598 8067
1599 8069
1600 8071
1601 8070
1602 8071
1603 8071
1604 8079
1605 8080
1606 8081
1607 8072
1608 8075
1609 8072
1610 8071
1611 8071
1612 8077
1613 8077
1614 8078
1615 8085
1616 8085
1617 8091
1618 8091
1619 8091
1620 8097
1621 8095
1622 8102
1623 8100
1624 8095
1625 8103
1626 8104
1627 8102
1628 8107
1629 8110
1630 8097
1631 8088
1632 8083
1633 8080
1634 8087
1635 8089
1636 8090
1637 8092
1638 8109
1639 8143
1640 0
1641 0
1642 8467
1643 8458
1644 8396
1645 8359
1646 8359
1647 8367
1648 8346
1649 8342
1650 8396
1651 8422
1652 8394
1653 8363
1654 8334
1655 8333
1656 8321
1657 8310
1658 8301
1659 8288
1660 8267
1661 8211
1662 8127
1663 8099
1664 8077
1665 8067
1666 8061
1667 8060
1668 8050
1669 8043
1670 8039
1671 8036
1672 8033
1673 8033
1674 8035
1675 8043
1676 8061
1677 8066
1678 8066
1679 8071
1680 8073
1681 8069
1682 8073
1683 8076
1684 8075
1685 8071
1686 8078
1687 8081
1688 8080
1689 8073
1690 8072
1691 8073
1692 8068
1693 8068
1694 8075
1695 8080
1696 8079
1697 8083
1698 8089
1699 8095
1700 8095
1701 8092
1702 8096
1703 8096
1704 8103
1705 8100
1706 8099
1707 8105
1708 8107
1709 8108
1710 8109
1711 8109
1712 8095
1713 8089
1714 8080
1715 8080
1716 8088
1717 8086
1718 8096
1719 8097
1720 8099
1721 8122
1722 0
1723 0
1724 8491
1725 8477
1726 8443
1727 8427
1728 8415
1729 8406
1730 8396
1731 8401
1732 8445
1733 8471
1734 8455
1735 8422
1736 8400
1737 8389
1738 8382
1739 8364
1740 8339
1741 8319
1742 8284
1743 8176
1744 8109
1745 8095
1746 8082
1747 8073
1748 8066
1749 8067
1750 8058
1751 8045
1752 8047
1753 8038
1754 8042
1755 8037
1756 8038
1757 8042
1758 8066
1759 8073
1760 8070
1761 8075
1762 8073
1763 8074
1764 8076
1765 8076
1766 8077
1767 8074
1768 8074
1769 8076
1770 8080
1771 8073
1772 8075
1773 8077
1774 8068
1775 8072
1776 8074
1777 8082
1778 8087
1779 8087
1780 8090
1781 8093
1782 8096
1783 8096
1784 8102
1785 8102
1786 8104
1787 8105
1788 8104
1789 8109
1790 8106
1791 8113
1792 8110
1793 8112
1794 8100
1795 8091
1796 8089
1797 8094
1798 8099
1799 8098
1800 8101
1801 8097
1802 8103
1803 8118
1804 0
1805 0
1806 8497
1807 8480
1808 8467
1809 8464
1810 8442
1811 8433
1812 8430
1813 8439
1814 8469
1815 8481
1816 8474
1817 8452
1818 8436
1819 8436
1820 8426
1821 8389
1822 8367
1823 8345
1824 8240
1825 8135
1826 8096
1827 8088
1828 8078
1829 8067
1830 8063
1831 8057
1832 8052
1833 8043
1834 8036
1835 8034
1836 8033
1837 8027
1838 8034
1839 8034
1840 8056
1841 8064
1842 8067
1843 8065
1844 8069
1845 8072
1846 8070
1847 8076
1848 8076
1849 8076
1850 8078
1851 8078
1852 8077
1853 8076
1854 8072
1855 8071
1856 8064
1857 8069
1858 8071
1859 8082
1860 8083
1861 8089
1862 8089
1863 8093
1864 8093
1865 8097
1866 8103
1867 8101
1868 8100
1869 8102
1870 8103
1871 8105
1872 8106
1873 8107
1874 8107
1875 8106
1876 8102
1877 8096
1878 8096
1879 8099
1880 8092
1881 8098
1882 8093
1883 8089
1884 8094
1885 8098
1886 0
1887 0
1888 8492
1889 8485
1890 8471
1891 8459
1892 8439
1893 8424
1894 8425
1895 8454
1896 8477
1897 8480
1898 8473
1899 8452
1900 8446
1901 8445
1902 8436
1903 8417
1904 8407
1905 8343
1906 8204
1907 8124
1908 8100
1909 8083
1910 8073
1911 8067
1912 8065
1913 8059
1914 8058
1915 8048
1916 8042
1917 8035
1918 8031
1919 8035
1920 8031
1921 8033
1922 8057
1923 8062
1924 8066
1925 8068
1926 8070
1927 8071
1928 8075
1929 8074
1930 8080
1931 8075
1932 8074
1933 8079
1934 8082
1935 8080
1936 8077
1937 8079
1938 8066
1939 8068
1940 8074
1941 8087
1942 8091
1943 8092
1944 8089
1945 8096
1946 8097
1947 8098
1948 8100
1949 8106
1950 8104
1951 8107
1952 8101
1953 8103
1954 8106
1955 8108
1956 8108
1957 8104
1958 8101
1959 8101
1960 8095
1961 8095
1962 8095
1963 8095
1964 8089
1965 8088
1966 8097
1967 8093
1968 0
1969 0
1970 8483
1971 8470
1972 8457
1973 8442
1974 8419
1975 8403
1976 8416
1977 8455
1978 8476
1979 8470
1980 8462
1981 8455
1982 8444
1983 8446
1984 8438
1985 8431
1986 8417
1987 8322
1988 8181
1989 8115
1990 8090
1991 8084
1992 8082
1993 8069
1994 8063
1995 8059
1996 8053
1997 8042
1998 8044
1999 8037
2000 8034
2001 8033
2002 8029
2003 8032
2004 8056
2005 8063
2006 8066
2007 8073
2008 8067
2009 8072
2010 8073
2011 8078
2012 8078
2013 8075
2014 8076
2015 8077
2016 8075
2017 8076
2018 8076
2019 8071
2020 8054
2021 8063
2022 8069
2023 8086
2024 8088
2025 8092
2026 8090
2027 8096
2028 8093
2029 8094
2030 8097
2031 8096
2032 8098
2033 8092
2034 8089
2035 8093
2036 8101
2037 8102
2038 8102
2039 8102
2040 8096
2041 8093
2042 8090
2043 8087
2044 8089
2045 8089
2046 8083
2047 8085
2048 8089
2049 8084
2050 0
2051 0
2052 8475
2053 8468
2054 8448
2055 8439
2056 8417
2057 8402
2058 8414
2059 8454
2060 8470
2061 8474
2062 8467
2063 8469
2064 8452
2065 8448
2066 8450
2067 8448
2068 8409
2069 8294
2070 8153
2071 8105
2072 8090
2073 8085
2074 8079
2075 8071
2076 8067
2077 8062
2078 8059
2079 8051
2080 8043
2081 8040
2082 8038
2083 8033
2084 8032
2085 8035
2086 8058
2087 8066
2088 8071
2089 8073
2090 8073
2091 8077
2092 8079
2093 8079
2094 8079
2095 8078
2096 8076
2097 8073
2098 8073
2099 8074
2100 8072
2101 8071
2102 8055
2103 8066
2104 8077
2105 8092
2106 8093
2107 8086
2108 8094
2109 8096
2110 8094
2111 8095
2112 8096
2113 8091
2114 8090
2115 8089
2116 8090
2117 8093
2118 8099
2119 8097
2120 8094
2121 8095
2122 8090
2123 8090
2124 8086
2125 8091
2126 8087
2127 8086
2128 8085
2129 8082
2130 8085
2131 8087
2132 0
2133 0
2134 8473
2135 8471
2136 8454
2137 8451
2138 8431
2139 8415
2140 8422
2141 8448
2142 8459
2143 8470
2144 8467
2145 8466
2146 8455
2147 8460
2148 8461
2149 8441
2150 8386
2151 8249
2152 8136
2153 8097
2154 8087
2155 8076
2156 8080
2157 8067
2158 8066
2159 8060
2160 8057
2161 8045
2162 8045
2163 8037
2164 8037
2165 8032
2166 8029
2167 8036
2168 8052
2169 8063
2170 8064
2171 8074
2172 8072
2173 8075
2174 8073
2175 8068
2176 8072
2177 8067
2178 8063
2179 8069
2180 8074
2181 8069
2182 8069
2183 8072
2184 8071
2185 8074
2186 8081
2187 8085
2188 8086
2189 8091
2190 8089
2191 8088
2192 8085
2193 8084
2194 8089
2195 8090
2196 8087
2197 8086
2198 8081
2199 8086
2200 8090
2201 8092
2202 8092
2203 8089
2204 8089
2205 8081
2206 8082
2207 8081
2208 8083
2209 8079
2210 8080
2211 8081
2212 8079
2213 8076
2214 0
2215 0
2216 8486
2217 8483
2218 8466
2219 8452
2220 8443
2221 8432
2222 8435
2223 8451
2224 8475
2225 8470
2226 8468
2227 8466
2228 8467
2229 8462
2230 8456
2231 8437
2232 8367
2233 8205
2234 8114
2235 8091
2236 8084
2237 8077
2238 8077
2239 8070
2240 8068
2241 8062
2242 8056
2243 8051
2244 8048
2245 8042
2246 8036
2247 8035
2248 8035
2249 8036
2250 8055
2251 8067
2252 8070
2253 8075
2254 8073
2255 8071
2256 8072
2257 8070
2258 8071
2259 8069
2260 8067
2261 8077
2262 8088
2263 8090
2264 8089
2265 8089
2266 8083
2267 8080
2268 8079
2269 8085
2270 8083
2271 8081
2272 8085
2273 8086
2274 8080
2275 8078
2276 8083
2277 8082
2278 8084
2279 8081
2280 8079
2281 8083
2282 8085
2283 8089
2284 8087
2285 8085
2286 8086
2287 8080
2288 8080
2289 8078
2290 8080
2291 8079
2292 8077
2293 8078
2294 8077
2295 8074
2296 0
2297 0
2298 8480
2299 8468
2300 8452
2301 8446
2302 8442
2303 8441
2304 8448
2305 8456
2306 8466
2307 8469
2308 8473
2309 8470
2310 8479
2311 8466
2312 8458
2313 8426
2314 8331
2315 8171
2316 8105
2317 8090
2318 8078
2319 8077
2320 8076
2321 8072
2322 8062
2323 8059
2324 8057
2325 8049
2326 8050
2327 8034
2328 8040
2329 8033
2330 8034
2331 8039
2332 8046
2333 8066
2334 8073
2335 8074
2336 8072
2337 8080
2338 8077
2339 8074
2340 8082
2341 8081
2342 8078
2343 8083
2344 8089
2345 8093
2346 8089
2347 8086
2348 8079
2349 8076
2350 8074
2351 8080
2352 8077
2353 8076
2354 8079
2355 8075
2356 8075
2357 8075
2358 8082
2359 8076
2360 8081
2361 8076
2362 8079
2363 8080
2364 8083
2365 8082
2366 8084
2367 8080
2368 8079
2369 8073
2370 8070
2371 8073
2372 8074
2373 8074
2374 8072
2375 8074
2376 8075
2377 8080
2378 0
2379 0
2380 8471
2381 8457
2382 8446
2383 8450
2384 8455
2385 8451
2386 8458
2387 8461
2388 8474
2389 8483
2390 8484
2391 8483
2392 8481
2393 8476
2394 8454
2395 8418
2396 8300
2397 8151
2398 8111
2399 8088
2400 8078
2401 8086
2402 8084
2403 8073
2404 8070
2405 8070
2406 8062
2407 8057
2408 8053
2409 8039
2410 8042
2411 8038
2412 8033
2413 8037
2414 8053
2415 8069
2416 8077
2417 8089
2418 8091
2419 8084
2420 8090
2421 8089
2422 8094
2423 8084
2424 8089
2425 8087
2426 8081
2427 8086
2428 8083
2429 8080
2430 8076
2431 8075
2432 8076
2433 8078
2434 8070
2435 8070
2436 8078
2437 8072
2438 8073
2439 8073
2440 8073
2441 8075
2442 8083
2443 8078
2444 8079
2445 8082
2446 8081
2447 8082
2448 8078
2449 8083
2450 8081
2451 8077
2452 8078
2453 8076
2454 8073
2455 8075
2456 8081
2457 8079
2458 8080
2459 8082
2460 0
2461 0
2462 8456
2463 8443
2464 8446
2465 8442
2466 8447
2467 8439
2468 8444
2469 8459
2470 8467
2471 8480
2472 8479
2473 8480
2474 8469
2475 8475
2476 8451
2477 8402
2478 8243
2479 8129
2480 8094
2481 8079
2482 8078
2483 8074
2484 8075
2485 8069
2486 8064
2487 8065
2488 8055
2489 8048
2490 8053
2491 8041
2492 8036
2493 8033
2494 8029
2495 8036
2496 8047
2497 8065
2498 8077
2499 8084
2500 8087
2501 8080
2502 8085
2503 8078
2504 8086
2505 8079
2506 8082
2507 8075
2508 8076
2509 8079
2510 8074
2511 8077
2512 8072
2513 8071
2514 8071
2515 8068
2516 8068
2517 8066
2518 8068
2519 8068
2520 8071
2521 8070
2522 8075
2523 8073
2524 8077
2525 8071
2526 8072
2527 8071
2528 8078
2529 8080
2530 8081
2531 8078
2532 8071
2533 8071
2534 8075
2535 8075
2536 8072
2537 8075
2538 8075
2539 8071
2540 8080
2541 8078
2542 0
2543 0
2544 8461
2545 8466
2546 8457
2547 8452
2548 8453
2549 8455
2550 8460
2551 8463
2552 8481
2553 8484
2554 8479
2555 8484
2556 8466
2557 8461
2558 8445
2559 8368
2560 8188
2561 8110
2562 8093
2563 8084
2564 8080
2565 8084
2566 8078
2567 8082
2568 8077
2569 8066
2570 8053
2571 8055
2572 8053
2573 8041
2574 8041
2575 8037
2576 8031
2577 8034
2578 8051
2579 8069
2580 8080
2581 8085
2582 8083
2583 8079
2584 8084
2585 8080
2586 8084
2587 8077
2588 8075
2589 8073
2590 8077
2591 8076
2592 8074
2593 8076
2594 8072
2595 8072
2596 8071
2597 8072
2598 8069
2599 8064
2600 8071
2601 8072
2602 8071
2603 8071
2604 8071
2605 8072
2606 8079
2607 8075
2608 8080
2609 8077
2610 8081
2611 8083
2612 8079
2613 8081
2614 8079
2615 8076
2616 8081
2617 8078
2618 8080
2619 8082
2620 8079
2621 8077
2622 8085
2623 8079
2624 0
2625 0
2626 8462
2627 8473
2628 8468
2629 8456
2630 8455
2631 8457
2632 8472
2633 8478
2634 8476
2635 8478
2636 8480
2637 8484
2638 8474
2639 8451
2640 8421
2641 8304
2642 8144
2643 8099
2644 8082
2645 8072
2646 8080
2647 8077
2648 8074
2649 8083
2650 8077
2651 8067
2652 8056
2653 8048
2654 8054
2655 8040
2656 8040
2657 8036
2658 8033
2659 8032
2660 8044
2661 8068
2662 8078
2663 8082
2664 8081
2665 8079
2666 8077
2667 8073
2668 8072
2669 8073
2670 8072
2671 8070
2672 8068
2673 8066
2674 8069
2675 8069
2676 8068
2677 8069
2678 8068
2679 8068
2680 8068
2681 8065
2682 8065
2683 8070
2684 8066
2685 8069
2686 8073
2687 8076
2688 8078
2689 8075
2690 8080
2691 8080
2692 8084
2693 8083
2694 8080
2695 8085
2696 8079
2697 8081
2698 8081
2699 8080
2700 8081
2701 8078
2702 8080
2703 8082
2704 8082
2705 8074
2706 0
2707 0
2708 8453
2709 8463
2710 8462
2711 8469
2712 8465
2713 8459
2714 8470
2715 8467
2716 8474
2717 8474
2718 8483
2719 8485
2720 8473
2721 8443
2722 8395
2723 8223
2724 8119
2725 8092
2726 8081
2727 8078
2728 8078
2729 8080
2730 8078
2731 8086
2732 8081
2733 8071
2734 8061
2735 8053
2736 8048
2737 8043
2738 8037
2739 8041
2740 8036
2741 8039
2742 8040
2743 8067
2744 8080
2745 8091
2746 8087
2747 8077
2748 8078
2749 8075
2750 8077
2751 8076
2752 8075
2753 8064
2754 8064
2755 8064
2756 8073
2757 8075
2758 8068
2759 8067
2760 8067
2761 8072
2762 8069
2763 8069
2764 8071
2765 8074
2766 8071
2767 8070
2768 8073
2769 8076
2770 8081
2771 8075
2772 8081
2773 8085
2774 8085
2775 8081
2776 8080
2777 8083
2778 8081
2779 8080
2780 8078
2781 8077
2782 8083
2783 8074
2784 8084
2785 8083
2786 8084
2787 8077
2788 0
2789 0
2790 8437
2791 8441
2792 8444
2793 8449
2794 8448
2795 8442
2796 8454
2797 8460
2798 8470
2799 8467
2800 8473
2801 8480
2802 8459
2803 8432
2804 8337
2805 8150
2806 8101
2807 8084
2808 8080
2809 8080
2810 8068
2811 8074
2812 8076
2813 8080
2814 8084
2815 8069
2816 8063
2817 8051
2818 8053
2819 8042
2820 8039
2821 8036
2822 8033
2823 8036
2824 8042
2825 8060
2826 8077
2827 8088
2828 8083
2829 8071
2830 8070
2831 8067
2832 8064
2833 8067
2834 8065
2835 8065
2836 8063
2837 8062
2838 8065
2839 8067
2840 8070
2841 8069
2842 8070
2843 8067
2844 8068
2845 8064
2846 8069
2847 8070
2848 8071
2849 8074
2850 8075
2851 8077
2852 8077
2853 8076
2854 8076
2855 8079
2856 8082
2857 8082
2858 8081
2859 8081
2860 8080
2861 8079
2862 8082
2863 8076
2864 8080
2865 8076
2866 8081
2867 8078
2868 8078
2869 8076
2870 0
2871 0
2872 8422
2873 8428
2874 8421
2875 8418
2876 8433
2877 8422
2878 8435
2879 8449
2880 8470
2881 8477
2882 8474
2883 8473
2884 8448
2885 8414
2886 8238
2887 8115
2888 8090
2889 8077
2890 8074
2891 8076
2892 8075
2893 8080
2894 8074
2895 8080
2896 8081
2897 8071
2898 8061
2899 8054
2900 8057
2901 8048
2902 8038
2903 8038
2904 8039
2905 8038
2906 8042
2907 8053
2908 8086
2909 8087
2910 8089
2911 8075
2912 8074
2913 8067
2914 8067
2915 8064
2916 8067
2917 8066
2918 8067
2919 8067
2920 8071
2921 8071
2922 8070
2923 8067
2924 8073
2925 8070
2926 8070
2927 8065
2928 8071
2929 8069
2930 8072
2931 8071
2932 8076
2933 8074
2934 8078
2935 8073
2936 8078
2937 8077
2938 8082
2939 8082
2940 8079
2941 8083
2942 8079
2943 8082
2944 8080
2945 8076
2946 8079
2947 8077
2948 8077
2949 8072
2950 8082
2951 8078
2952 0
2953 0
2954 8412
2955 8412
2956 8404
2957 8409
2958 8403
2959 8404
2960 8429
2961 8446
2962 8477
2963 8480
2964 8472
2965 8472
2966 8436
2967 8324
2968 8140
2969 8088
2970 8082
2971 8073
2972 8075
2973 8078
2974 8073
2975 8076
2976 8074
2977 8081
2978 8082
2979 8067
2980 8061
2981 8051
2982 8058
2983 8045
2984 8043
2985 8033
2986 8034
2987 8036
2988 8045
2989 8060
2990 8081
2991 8081
2992 8082
2993 8071
2994 8074
2995 8070
2996 8068
2997 8061
2998 8065
2999 8065
3000 8065
3001 8066
3002 8070
3003 8073
3004 8067
3005 8067
3006 8074
3007 8071
3008 8068
3009 8063
3010 8070
3011 8068
3012 8071
3013 8070
3014 8076
3015 8076
3016 8078
3017 8074
3018 8078
3019 8082
3020 8083
3021 8083
3022 8080
3023 8082
3024 8082
3025 8082
3026 8083
3027 8078
3028 8080
3029 8080
3030 8072
3031 8077
3032 8079
3033 8076
3034 0
3035 0
3036 8413
3037 8415
3038 8412
3039 8415
3040 8406
3041 8407
3042 8433
3043 8457
3044 8482
3045 8485
3046 8458
3047 8452
3048 8363
3049 8168
3050 8093
3051 8083
3052 8072
3053 8074
3054 8073
3055 8076
3056 8077
3057 8073
3058 8079
3059 8081
3060 8084
3061 8071
3062 8067
3063 8058
3064 8056
3065 8050
3066 8040
3067 8034
3068 8035
3069 8038
3070 8044
3071 8053
3072 8078
3073 8088
3074 8082
3075 8074
3076 8079
3077 8071
3078 8069
3079 8063
3080 8061
3081 8064
3082 8067
3083 8069
3084 8072
3085 8071
3086 8071
3087 8068
3088 8069
3089 8068
3090 8068
3091 8068
3092 8070
3093 8066
3094 8070
3095 8071
3096 8074
3097 8075
3098 8078
3099 8076
3100 8076
3101 8085
3102 8087
3103 8082
3104 8083
3105 8082
3106 8081
3107 8084
3108 8079
3109 8078
3110 8077
3111 8077
3112 8081
3113 8075
3114 8079
3115 8080
3116 0
3117 0
3118 8428
3119 8436
3120 8439
3121 8434
3122 8431
3123 8427
3124 8451
3125 8466
3126 8479
3127 8474
3128 8444
3129 8361
3130 8188
3131 8093
3132 8080
3133 8076
3134 8074
3135 8074
3136 8079
3137 8074
3138 8070
3139 8076
3140 8081
3141 8084
3142 8087
3143 8073
3144 8065
3145 8058
3146 8064
3147 8052
3148 8049
3149 8047
3150 8040
3151 8038
3152 8048
3153 8053
3154 8076
3155 8087
3156 8087
3157 8078
3158 8080
3159 8076
3160 8071
3161 8066
3162 8065
3163 8066
3164 8069
3165 8068
3166 8069
3167 8073
3168 8071
3169 8069
3170 8071
3171 8072
3172 8068
3173 8070
3174 8066
3175 8068
3176 8067
3177 8066
3178 8076
3179 8078
3180 8082
3181 8073
3182 8078
3183 8082
3184 8088
3185 8082
3186 8080
3187 8080
3188 8081
3189 8082
3190 8086
3191 8076
3192 8075
3193 8081
3194 8081
3195 8077
3196 8071
3197 8079
3198 0
3199 0
3200 8447
3201 8458
3202 8457
3203 8455
3204 8448
3205 8448
3206 8464
3207 8473
3208 8471
3209 8434
3210 8319
3211 8173
3212 8096
3213 8078
3214 8077
3215 8068
3216 8076
3217 8075
3218 8079
3219 8080
3220 8064
3221 8075
3222 8082
3223 8079
3224 8084
3225 8073
3226 8068
3227 8053
3228 8057
3229 8050
3230 8042
3231 8046
3232 8038
3233 8042
3234 8048
3235 8048
3236 8079
3237 8088
3238 8089
3239 8077
3240 8087
3241 8077
3242 8071
3243 8073
3244 8066
3245 8062
3246 8071
3247 8066
3248 8068
3249 8069
3250 8067
3251 8065
3252 8066
3253 8069
3254 8067
3255 8063
3256 8068
3257 8067
3258 8070
3259 8068
3260 8076
3261 8074
3262 8080
3263 8075
3264 8077
3265 8083
3266 8087
3267 8082
3268 8079
3269 8078
3270 8079
3271 8079
3272 8082
3273 8073
3274 8075
3275 8075
3276 8079
3277 8078
3278 8078
3279 8068
3280 0
3281 0
3282 8461
3283 8454
3284 8471
3285 8471
3286 8463
3287 8461
3288 8460
3289 8468
3290 8427
3291 8277
3292 8155
3293 8105
3294 8088
3295 8087
3296 8075
3297 8071
3298 8077
3299 8081
3300 8076
3301 8075
3302 8064
3303 8079
3304 8087
3305 8084
3306 8085
3307 8076
3308 8068
3309 8059
3310 8055
3311 8045
3312 8045
3313 8041
3314 8044
3315 8046
3316 8049
3317 8047
3318 8077
3319 8096
3320 8088
3321 8075
3322 8087
3323 8081
3324 8077
3325 8072
3326 8071
3327 8069
3328 8072
3329 8071
3330 8071
3331 8073
3332 8066
3333 8066
3334 8071
3335 8070
3336 8069
3337 8067
3338 8069
3339 8070
3340 8069
3341 8067
3342 8075
3343 8078
3344 8078
3345 8080
3346 8079
3347 8081
3348 8088
3349 8083
3350 8077
3351 8084
3352 8084
3353 8087
3354 8085
3355 8074
3356 8074
3357 8082
3358 8080
3359 8077
3360 8070
3361 8065
3362 0
3363 0
3364 8451
3365 8457
3366 8464
3367 8466
3368 8468
3369 8456
3370 8461
3371 8432
3372 8283
3373 8142
3374 8106
3375 8095
3376 8088
3377 8082
3378 8073
3379 8070
3380 8073
3381 8078
3382 8079
3383 8068
3384 8062
3385 8079
3386 8082
3387 8081
3388 8079
3389 8066
3390 8062
3391 8059
3392 8057
3393 8053
3394 8043
3395 8039
3396 8042
3397 8047
3398 8050
3399 8045
3400 8068
3401 8092
3402 8087
3403 8085
3404 8085
3405 8078
3406 8076
3407 8071
3408 8075
3409 8074
3410 8077
3411 8073
3412 8073
3413 8071
3414 8067
3415 8065
3416 8066
3417 8066
3418 8067
3419 8066
3420 8067
3421 8066
3422 8070
3423 8068
3424 8068
3425 8073
3426 8074
3427 8074
3428 8073
3429 8083
3430 8087
3431 8081
3432 8076
3433 8080
3434 8080
3435 8087
3436 8082
3437 8070
3438 8069
3439 8078
3440 8080
3441 8078
3442 8068
3443 8057
3444 0
3445 0
3446 8441
3447 8453
3448 8454
3449 8457
3450 8460
3451 8438
3452 8444
3453 8334
3454 8184
3455 8129
3456 8114
3457 8111
3458 8097
3459 8088
3460 8080
3461 8074
3462 8080
3463 8082
3464 8081
3465 8064
3466 8069
3467 8079
3468 8087
3469 8081
3470 8078
3471 8070
3472 8063
3473 8068
3474 8060
3475 8055
3476 8045
3477 8043
3478 8035
3479 8040
3480 8053
3481 8043
3482 8071
3483 8092
3484 8091
3485 8090
3486 8085
3487 8077
3488 8074
3489 8073
3490 8075
3491 8076
3492 8079
3493 8073
3494 8075
3495 8072
3496 8076
3497 8064
3498 8069
3499 8065
3500 8066
3501 8066
3502 8070
3503 8066
3504 8067
3505 8067
3506 8069
3507 8070
3508 8073
3509 8075
3510 8073
3511 8080
3512 8087
3513 8078
3514 8079
3515 8085
3516 8078
3517 8086
3518 8080
3519 8070
3520 8069
3521 8077
3522 8080
3523 8079
3524 8072
3525 8058
3526 0
3527 0
3528 8438
3529 8447
3530 8442
3531 8452
3532 8448
3533 8440
3534 8394
3535 8278
3536 8221
3537 8187
3538 8155
3539 8140
3540 8112
3541 8099
3542 8089
3543 8078
3544 8083
3545 8084
3546 8070
3547 8062
3548 8067
3549 8074
3550 8080
3551 8078
3552 8080
3553 8063
3554 8067
3555 8064
3556 8060
3557 8057
3558 8048
3559 8039
3560 8036
3561 8039
3562 8045
3563 8043
3564 8065
3565 8092
3566 8086
3567 8081
3568 8084
3569 8079
3570 8081
3571 8068
3572 8066
3573 8068
3574 8071
3575 8070
3576 8074
3577 8080
3578 8075
3579 8065
3580 8065
3581 8062
3582 8063
3583 8062
3584 8070
3585 8063
3586 8064
3587 8063
3588 8071
3589 8070
3590 8069
3591 8070
3592 8071
3593 8080
3594 8085
3595 8078
3596 8076
3597 8081
3598 8076
3599 8083
3600 8080
3601 8071
3602 8065
3603 8078
3604 8075
3605 8068
3606 8067
3607 8059
3608 0
3609 0
3610 8440
3611 8440
3612 8445
3613 8447
3614 8451
3615 8446
3616 8387
3617 8318
3618 8303
3619 8274
3620 8247
3621 8212
3622 8163
3623 8130
3624 8102
3625 8087
3626 8089
3627 8085
3628 8079
3629 8067
3630 8072
3631 8083
3632 8084
3633 8081
3634 8078
3635 8068
3636 8069
3637 8068
3638 8063
3639 8062
3640 8054
3641 8042
3642 8038
3643 8041
3644 8046
3645 8045
3646 8063
3647 8090
3648 8090
3649 8082
3650 8079
3651 8075
3652 8076
3653 8067
3654 8069
3655 8069
3656 8071
3657 8067
3658 8068
3659 8079
3660 8077
3661 8072
3662 8070
3663 8061
3664 8063
3665 8065
3666 8066
3667 8066
3668 8065
3669 8065
3670 8070
3671 8072
3672 8076
3673 8074
3674 8075
3675 8078
3676 8081
3677 8074
3678 8077
3679 8076
3680 8077
3681 8083
3682 8075
3683 8072
3684 8069
3685 8074
3686 8073
3687 8065
3688 8065
3689 8053
3690 0
3691 0
3692 8440
3693 8440
3694 8442
3695 8445
3696 8461
3697 8457
3698 8389
3699 8353
3700 8359
3701 8343
3702 8326
3703 8291
3704 8230
3705 8174
3706 8131
3707 8102
3708 8094
3709 8090
3710 8070
3711 8064
3712 8072
3713 8078
3714 8089
3715 8080
3716 8073
3717 8067
3718 8068
3719 8056
3720 8064
3721 8056
3722 8044
3723 8044
3724 8031
3725 8038
3726 8042
3727 8048
3728 8055
3729 8082
3730 8087
3731 8077
3732 8078
3733 8071
3734 8068
3735 8064
3736 8060
3737 8064
3738 8070
3739 8065
3740 8067
3741 8068
3742 8068
3743 8066
3744 8068
3745 8062
3746 8059
3747 8059
3748 8065
3749 8063
3750 8063
3751 8063
3752 8068
3753 8065
3754 8069
3755 8073
3756 8067
3757 8079
3758 8079
3759 8076
3760 8070
3761 8076
3762 8073
3763 8079
3764 8075
3765 8069
3766 8066
3767 8069
3768 8065
3769 8064
3770 8062
3771 8047
3772 0
3773 0
3774 8447
3775 8454
3776 8452
3777 8455
3778 8472
3779 8484
3780 8408
3781 8376
3782 8378
3783 8372
3784 8378
3785 8356
3786 8291
3787 8241
3788 8179
3789 8140
3790 8124
3791 8105
3792 8083
3793 8081
3794 8078
3795 8087
3796 8094
3797 8091
3798 8079
3799 8073
3800 8064
3801 8061
3802 8066
3803 8064
3804 8056
3805 8044
3806 8039
3807 8041
3808 8046
3809 8046
3810 8051
3811 8096
3812 8098
3813 8081
3814 8082
3815 8081
3816 8075
3817 8068
3818 8065
3819 8065
3820 8069
3821 8065
3822 8067
3823 8068
3824 8065
3825 8066
3826 8070
3827 8064
3828 8058
3829 8057
3830 8062
3831 8066
3832 8061
3833 8067
3834 8069
3835 8066
3836 8074
3837 8072
3838 8072
3839 8078
3840 8082
3841 8079
3842 8071
3843 8077
3844 8080
3845 8083
3846 8075
3847 8071
3848 8071
3849 8074
3850 8072
3851 8072
3852 8064
3853 8057
3854 0
3855 0
3856 8457
3857 8455
3858 8455
3859 8473
3860 8501
3861 8499
3862 8412
3863 8377
3864 8384
3865 8397
3866 8404
3867 8370
3868 8316
3869 8272
3870 8243
3871 8216
3872 8180
3873 8133
3874 8106
3875 8087
3876 8082
3877 8087
3878 8091
3879 8085
3880 8075
3881 8071
3882 8061
3883 8058
3884 8062
3885 8061
3886 8051
3887 8040
3888 8033
3889 8040
3890 8049
3891 8045
3892 8050
3893 8084
3894 8093
3895 8084
3896 8080
3897 8079
3898 8073
3899 8058
3900 8053
3901 8058
3902 8063
3903 8059
3904 8059
3905 8061
3906 8060
3907 8061
3908 8065
3909 8059
3910 8054
3911 8054
3912 8058
3913 8057
3914 8057
3915 8059
3916 8057
3917 8063
3918 8064
3919 8073
3920 8069
3921 8071
3922 8071
3923 8073
3924 8071
3925 8079
3926 8078
3927 8080
3928 8076
3929 8068
3930 8063
3931 8065
3932 8071
3933 8069
3934 8062
3935 8071
3936 0
3937 0
3938 8469
3939 8471
3940 8461
3941 8476
3942 8515
3943 8513
3944 8430
3945 8389
3946 8397
3947 8415
3948 8415
3949 8388
3950 8335
3951 8296
3952 8313
3953 8323
3954 8285
3955 8213
3956 8158
3957 8118
3958 8096
3959 8097
3960 8102
3961 8091
3962 8083
3963 8081
3964 8071
3965 8064
3966 8071
3967 8067
3968 8058
3969 8048
3970 8041
3971 8040
3972 8047
3973 8047
3974 8054
3975 8087
3976 8104
3977 8092
3978 8086
3979 8084
3980 8082
3981 8071
3982 8063
3983 8063
3984 8070
3985 8069
3986 8068
3987 8070
3988 8064
3989 8063
3990 8067
3991 8062
3992 8059
3993 8062
3994 8075
3995 8072
3996 8066
3997 8065
3998 8065
3999 8069
4000 8068
4001 8077
4002 8078
4003 8082
4004 8083
4005 8082
4006 8083
4007 8087
4008 8089
4009 8091
4010 8086
4011 8081
4012 8078
4013 8088
4014 8086
4015 8078
4016 8075
4017 8073
4018 0
4019 0
4020 8480
4021 8469
4022 8470
4023 8494
4024 8521
4025 8510
4026 8441
4027 8387
4028 8399
4029 8408
4030 8394
4031 8394
4032 8356
4033 8312
4034 8357
4035 8373
4036 8336
4037 8290
4038 8227
4039 8155
4040 8120
4041 8096
4042 8095
4043 8089
4044 8081
4045 8075
4046 8066
4047 8063
4048 8069
4049 8063
4050 8061
4051 8044
4052 8037
4053 8035
4054 8043
4055 8042
4056 8046
4057 8075
4058 8099
4059 8090
4060 8088
4061 8081
4062 8073
4063 8074
4064 8065
4065 8062
4066 8071
4067 8072
4068 8071
4069 8081
4070 8075
4071 8077
4072 8077
4073 8070
4074 8072
4075 8078
4076 8081
4077 8075
4078 8058
4079 8059
4080 8060
4081 8068
4082 8075
4083 8080
4084 8087
4085 8092
4086 8092
4087 8086
4088 8084
4089 8087
4090 8094
4091 8092
4092 8084
4093 8083
4094 8080
4095 8085
4096 8085
4097 8078
4098 8070
4099 8075
4100 0
4101 0
4102 8484
4103 8486
4104 8490
4105 8503
4106 8524
4107 8521
4108 8456
4109 8400
4110 8413
4111 8400
4112 8388
4113 8400
4114 8372
4115 8333
4116 8378
4117 8366
4118 8347
4119 8347
4120 8301
4121 8220
4122 8160
4123 8119
4124 8101
4125 8091
4126 8093
4127 8079
4128 8071
4129 8070
4130 8067
4131 8074
4132 8068
4133 8052
4134 8046
4135 8039
4136 8046
4137 8044
4138 8051
4139 8073
4140 8100
4141 8086
4142 8088
4143 8078
4144 8079
4145 8072
4146 8077
4147 8081
4148 8078
4149 8080
4150 8089
4151 8103
4152 8102
4153 8098
4154 8095
4155 8089
4156 8090
4157 8085
4158 8087
4159 8079
4160 8067
4161 8060
4162 8068
4163 8068
4164 8087
4165 8093
4166 8093
4167 8106
4168 8098
4169 8094
4170 8091
4171 8096
4172 8098
4173 8100
4174 8091
4175 8088
4176 8087
4177 8092
4178 8098
4179 8093
4180 8090
4181 8087
4182 0
4183 0
4184 8477
4185 8492
4186 8495
4187 8506
4188 8515
4189 8517
4190 8454
4191 8393
4192 8412
4193 8385
4194 8374
4195 8418
4196 8372
4197 8321
4198 8355
4199 8343
4200 8343
4201 8372
4202 8339
4203 8277
4204 8206
4205 8135
4206 8105
4207 8092
4208 8088
4209 8077
4210 8073
4211 8065
4212 8066
4213 8070
4214 8065
4215 8052
4216 8041
4217 8037
4218 8039
4219 8038
4220 8051
4221 8065
4222 8095
4223 8088
4224 8078
4225 8080
4226 8081
4227 8075
4228 8077
4229 8083
4230 8093
4231 8085
4232 8092
4233 8099
4234 8103
4235 8105
4236 8101
4237 8086
4238 8083
4239 8079
4240 8088
4241 8083
4242 8060
4243 8057
4244 8065
4245 8076
4246 8091
4247 8098
4248 8095
4249 8097
4250 8092
4251 8092
4252 8091
4253 8103
4254 8099
4255 8100
4256 8097
4257 8092
4258 8099
4259 8110
4260 8103
4261 8097
4262 8094
4263 8090
4264 0
4265 0
4266 8477
4267 8478
4268 8497
4269 8506
4270 8505
4271 8499
4272 8445
4273 8391
4274 8384
4275 8378
4276 8375
4277 8411
4278 8365
4279 8321
4280 8342
4281 8337
4282 8361
4283 8390
4284 8355
4285 8315
4286 8260
4287 8164
4288 8122
4289 8103
4290 8097
4291 8092
4292 8086
4293 8072
4294 8073
4295 8075
4296 8073
4297 8064
4298 8050
4299 8043
4300 8045
4301 8042
4302 8046
4303 8063
4304 8098
4305 8091
4306 8082
4307 8086
4308 8082
4309 8079
4310 8091
4311 8099
4312 8100
4313 8086
4314 8099
4315 8111
4316 8117
4317 8104
4318 8109
4319 8097
4320 8092
4321 8090
4322 8086
4323 8079
4324 8062
4325 8058
4326 8074
4327 8081
4328 8093
4329 8096
4330 8096
4331 8102
4332 8099
4333 8099
4334 8098
4335 8107
4336 8113
4337 8112
4338 8110
4339 8103
4340 8107
4341 8116
4342 8112
4343 8103
4344 8098
4345 8090
4346 0
4347 0
4348 8452
4349 8468
4350 8478
4351 8483
4352 8486
4353 8477
4354 8401
4355 8370
4356 8387
4357 8366
4358 8361
4359 8379
4360 8360
4361 8324
4362 8321
4363 8341
4364 8363
4365 8383
4366 8339
4367 8297
4368 8288
4369 8195
4370 8131
4371 8117
4372 8113
4373 8104
4374 8093
4375 8090
4376 8091
4377 8087
4378 8080
4379 8067
4380 8059
4381 8049
4382 8046
4383 8041
4384 8042
4385 8065
4386 8096
4387 8092
4388 8087
4389 8079
4390 8081
4391 8079
4392 8094
4393 8093
4394 8100
4395 8085
4396 8100
4397 8112
4398 8116
4399 8120
4400 8102
4401 8089
4402 8091
4403 8087
4404 8082
4405 8080
4406 8059
4407 8059
4408 8070
4409 8084
4410 8102
4411 8101
4412 8099
4413 8105
4414 8104
4415 8105
4416 8103
4417 8114
4418 8119
4419 8118
4420 8111
4421 8104
4422 8111
4423 8117
4424 8113
4425 8097
4426 8098
4427 8094
4428 0
4429 0
4430 8399
4431 8423
4432 8428
4433 8431
4434 8439
4435 8417
4436 8350
4437 8370
4438 8385
4439 8356
4440 8369
4441 8388
4442 8360
4443 8319
4444 8310
4445 8300
4446 8363
4447 8345
4448 8311
4449 8287
4450 8275
4451 8229
4452 8183
4453 8170
4454 8164
4455 8160
4456 8150
4457 8146
4458 8146
4459 8143
4460 8131
4461 8109
4462 8083
4463 8059
4464 8057
4465 8050
4466 8051
4467 8065
4468 8089
4469 8097
4470 8098
4471 8084
4472 8083
4473 8086
4474 8094
4475 8098
4476 8095
4477 8088
4478 8105
4479 8123
4480 8119
4481 8115
4482 8105
4483 8095
4484 8084
4485 8081
4486 8079
4487 8080
4488 8062
4489 8061
4490 8076
4491 8091
4492 8098
4493 8106
4494 8104
4495 8108
4496 8107
4497 8111
4498 8112
4499 8120
4500 8125
4501 8122
4502 8113
4503 8110
4504 8117
4505 8117
4506 8116
4507 8106
4508 8099
4509 8097
4510 0
4511 0
4512 8345
4513 8354
4514 8355
4515 8358
4516 8357
4517 8337
4518 8326
4519 8381
4520 8391
4521 8352
4522 8365
4523 8381
4524 8350
4525 8317
4526 8294
4527 8286
4528 8331
4529 8307
4530 8282
4531 8267
4532 8253
4533 8243
4534 8228
4535 8218
4536 8218
4537 8213
4538 8206
4539 8201
4540 8203
4541 8204
4542 8193
4543 8172
4544 8120
4545 8069
4546 8050
4547 8045
4548 8047
4549 8050
4550 8085
4551 8095
4552 8088
4553 8088
4554 8085
4555 8088
4556 8099
4557 8098
4558 8089
4559 8077
4560 8096
4561 8110
4562 8106
4563 8103
4564 8097
4565 8086
4566 8077
4567 8073
4568 8074
4569 8077
4570 8063
4571 8057
4572 8065
4573 8082
4574 8099
4575 8104
4576 8103
4577 8103
4578 8110
4579 8105
4580 8108
4581 8120
4582 8121
4583 8118
4584 8110
4585 8107
4586 8111
4587 8117
4588 8108
4589 8101
4590 8093
4591 8087
4592 0
4593 0
4594 8322
4595 8321
4596 8317
4597 8312
4598 8317
4599 8304
4600 8335
4601 8394
4602 8379
4603 8344
4604 8354
4605 8394
4606 8358
4607 8321
4608 8298
4609 8292
4610 8301
4611 8281
4612 8266
4613 8254
4614 8245
4615 8239
4616 8244
4617 8237
4618 8239
4619 8235
4620 8236
4621 8233
4622 8234
4623 8236
4624 8232
4625 8220
4626 8133
4627 8069
4628 8059
4629 8052
4630 8051
4631 8054
4632 8083
4633 8100
4634 8093
4635 8092
4636 8095
4637 8093
4638 8103
4639 8099
4640 8100
4641 8081
4642 8092
4643 8109
4644 8115
4645 8107
4646 8103
4647 8085
4648 8082
4649 8075
4650 8078
4651 8072
4652 8075
4653 8068
4654 8074
4655 8091
4656 8101
4657 8107
4658 8115
4659 8113
4660 8116
4661 8107
4662 8115
4663 8122
4664 8127
4665 8121
4666 8117
4667 8111
4668 8115
4669 8116
4670 8110
4671 8097
4672 8102
4673 8094
4674 0
4675 0
4676 8313
4677 8310
4678 8299
4679 8308
4680 8310
4681 8300
4682 8347
4683 8390
4684 8370
4685 8326
4686 8347
4687 8396
4688 8363
4689 8321
4690 8293
4691 8288
4692 8283
4693 8259
4694 8251
4695 8238
4696 8238
4697 8237
4698 8238
4699 8232
4700 8238
4701 8239
4702 8240
4703 8244
4704 8241
4705 8245
4706 8230
4707 8198
4708 8096
4709 8056
4710 8054
4711 8045
4712 8052
4713 8063
4714 8080
4715 8089
4716 8098
4717 8088
4718 8100
4719 8093
4720 8103
4721 8100
4722 8099
4723 8086
4724 8085
4725 8107
4726 8113
4727 8107
4728 8097
4729 8085
4730 8080
4731 8082
4732 8084
4733 8083
4734 8081
4735 8082
4736 8086
4737 8095
4738 8099
4739 8108
4740 8107
4741 8110
4742 8110
4743 8107
4744 8113
4745 8123
4746 8121
4747 8119
4748 8110
4749 8107
4750 8111
4751 8115
4752 8107
4753 8101
4754 8099
4755 8100
4756 0
4757 0
4758 8312
4759 8311
4760 8303
4761 8307
4762 8298
4763 8302
4764 8367
4765 8406
4766 8365
4767 8325
4768 8352
4769 8399
4770 8364
4771 8322
4772 8304
4773 8281
4774 8270
4775 8249
4776 8244
4777 8241
4778 8239
4779 8241
4780 8242
4781 8242
4782 8248
4783 8247
4784 8253
4785 8254
4786 8255
4787 8248
4788 8221
4789 8132
4790 8070
4791 8054
4792 8050
4793 8047
4794 8060
4795 8058
4796 8067
4797 8091
4798 8100
4799 8093

 END 